500
269
113
265
226
468
241
291
78
136
112
132
141
188
134
58
469
2
294
252
84
7
263
360
229
24
456
344
408
443
190
206
16
108
314
210
38
71
499
480
313
487
235
256
120
40
225
27
167
386
444
215
285
238
151
204
381
162
489
213
446
97
33
115
266
219
384
426
28
293
105
101
64
376
292
439
251
106
79
157
414
156
20
236
197
42
85
193
117
37
273
495
500
450
399
26
379
153
209
123
176
457
400
422
477
224
336
185
357
139
148
170
289
67
308
257
430
53
447
350
138
92
6
95
337
165
432
69
305
70
327
290
98
217
88
232
199
356
158
494
189
375
231
250
368
68
239
184
382
282
389
66
380
280
12
466
196
390
264
49
99
303
142
491
461
413
255
19
359
383
186
302
10
187
121
114
246
342
4
179
306
59
345
418
474
259
335
343
277
304
324
341
323
21
448
317
254
436
287
166
129
149
278
248
362
274
460
393
497
481
54
44
333
352
63
358
463
107
318
76
458
118
471
367
431
111
424
245
309
391
374
354
334
144
452
247
420
492
276
195
299
152
484
82
419
361
483
87
377
328
36
35
122
32
437
402
465
160
22
453
348
353
96
398
75
214
146
331
415
18
164
202
39
90
493
124
200
3
194
496
203
425
435
349
60
300
109
339
416
364
311
388
14
81
268
340
283
56
223
363
325
407
8
442
30
208
50
94
212
191
126
371
104
296
83
404
330
31
77
428
242
271
91
207
5
262
86
464
15
320
438
237
401
177
329
321
312
403
488
145
9
80
270
319
260
365
116
244
11
322
228
472
467
147
455
284
475
394
272
221
454
411
34
175
150
51
243
459
385
128
201
482
102
298
498
406
41
43
478
168
137
227
154
378
261
387
172
267
13
258
127
155
161
178
440
433
486
174
332
307
279
169
288
417
479
275
73
316
234
133
346
451
198
205
310
1
135
338
46
372
315
110
100
395
140
434
476
62
253
355
52
45
131
89
295
396
23
485
473
48
297
366
163
410
57
462
130
490
392
373
470
159
65
351
347
429
125
220
326
233
61
47
180
55
103
405
218
281
286
216
25
423
119
369
445
182
301
211
17
222
74
181
421
249
72
449
29
441
93
240
183
173
409
192
230
143
171
397
370
412
427
